WIN[1]=-1354, -6000, 646, -4000(0.398276, 0.258897)
WIN[2]=-1354, -5419, 646, -3419(0.141596, 0.258897)
WIN[3]=646, -6000, 2646, -4000(0.336997, 0.308401)
WIN[4]=646, -5419, 2646, -3419(0.080317, 0.308401)
GROUP
CA[1]=-1354, -6000, 506, -5448
GROUP
CA[1]=179, -4148, 211, -4053
CB[1]=-1354, -4668, 152, -4000
GROUP
CA[1]=-1234, -5238, -831, -4822
GROUP
CA[1]=-595, -5256, 164, -4828
GROUP
NO[1]=76, -3861, 1157, -3674
NO[2]=302, -3635, 587, -3419
NO[3]=626, -3625, 872, -3438
GROUP
CA[1]=459, -4158, 555, -4120
CB[1]=437, -4511, 524, -4171
GROUP
CA[1]=489, -5286, 1381, -4858
GROUP
CA[1]=815, -4158, 911, -4120
CB[1]=782, -4511, 869, -4171
GROUP
CA[1]=786, -6000, 2646, -5448
GROUP
CA[1]=1089, -4148, 1121, -4053
CB[1]=1140, -4668, 2646, -4000
GROUP
CB[1]=1857, -5262, 2370, -4876
